
-------------------------------------------------------------------------------------------------------
                              Linear         ln         Linear          ln         Linear         ln   
                           ------------   --------   ------------   ---------   ------------   --------
                                    (1)        (2)            (3)         (4)            (5)        (6)
-------------------------------------------------------------------------------------------------------
treatment_frac                -8376.624     -0.517      -1442.485      -0.183      -1917.663     -0.333
                             (9903.134)    (0.496)     (4803.939)     (0.417)     (8952.761)    (0.544)
time_num: 93                  -2453.076                                            -5256.827           
                             (3383.396)                                           (4699.460)           
time_num: 94                  -4947.874     -0.117                                 -9430.126      0.444
                             (7311.548)    (1.178)                               (10483.680)    (1.330)
time_num: 95                 -12094.704     -0.235                                -19875.340      0.259
                             (9775.974)    (1.284)                               (15455.908)    (1.553)
time_num: 96                 -18964.792     -0.504                                -27683.521      0.179
                            (10944.310)    (1.468)                               (16721.065)    (1.679)
time_num: 97                 -18443.222     -0.598                                -26491.092      0.107
                            (13266.946)    (1.762)                               (19662.903)    (2.039)
time_num: 98                 -24949.748     -1.124                                -39923.022     -0.555
                            (14911.803)    (2.040)                               (20353.890)    (2.271)
time_num: 99                 -23020.665     -1.086                                -39108.778     -0.428
                            (16898.946)    (2.331)                               (22801.443)    (2.539)
time_num: 100                -19652.575     -1.188                                -37069.398     -1.276
                            (17448.735)    (2.654)                               (22927.424)    (2.853)
time_num: 101                -14545.980     -1.106                                -31221.104     -0.869
                            (15469.556)    (2.798)                               (17703.821)    (2.849)
time_num: 102                -20784.110     -1.538                                -39013.433     -0.553
                            (18261.185)    (3.094)                               (23934.708)    (3.324)
time_num: 103                -23778.607     -1.537                                -44133.147     -0.799
                            (20508.219)    (3.365)                               (27216.439)    (3.541)
time_num: 104                -27385.401     -1.527                                -50796.332     -0.896
                            (23364.495)    (3.738)                               (30567.786)    (3.929)
time_num: 105                -32240.418     -1.633                                -55919.179     -1.112
                            (23760.739)    (4.073)                               (31534.099)    (4.241)
time_num: 106                -30672.173     -1.605                                -56925.505     -1.174
                            (25633.803)    (4.399)                               (32664.783)    (4.545)
time_num: 107                -34707.478     -2.034                                -66393.682     -1.488
                            (28068.886)    (4.683)                               (36837.065)    (4.802)
time_num: 108                -37408.273     -2.352                                -69148.539     -1.742
                            (29584.616)    (4.990)                               (38032.512)    (5.109)
time_num: 109                -36599.746     -2.262                                -70004.693     -1.896
                            (31153.348)    (5.332)                               (38430.573)    (5.426)
time_num: 110                -31327.254     -2.496                                -62628.149     -1.647
                            (29159.359)    (5.532)                               (33933.072)    (5.554)
time_num: 111                -35812.548     -2.353                                -68982.360     -1.562
                            (31197.190)    (5.745)                               (40323.155)    (5.862)
time_num: 112                -40141.295     -2.558                                -76934.653     -1.916
                            (33905.149)    (6.045)                               (43923.261)    (6.122)
time_num: 113                -47059.621     -2.866                                -88765.874     -2.338
                            (36005.719)    (6.352)                               (47153.627)    (6.435)
time_num: 114                -42921.129     -2.772                                -80720.955     -2.188
                            (36660.700)    (6.679)                               (46381.858)    (6.768)
time_num: 115                -44650.450     -2.785                                -82271.589     -2.028
                            (38129.895)    (6.998)                               (48970.396)    (7.100)
time_num: 116                -48884.649     -3.187                                -92602.793     -2.574
                            (40194.786)    (7.296)                               (52391.237)    (7.361)
time_num: 117                -52515.646     -3.408                                -98944.790     -2.912
                            (42011.615)    (7.626)                               (53723.965)    (7.661)
time_num: 118                -53111.159     -3.532                               -102027.293     -3.445
                            (43276.571)    (7.960)                               (52885.339)    (7.941)
time_num: 119                -52131.936     -3.718                               -100324.522     -3.455
                            (41713.854)    (8.212)                               (51075.876)    (8.142)
time_num: 120                -55874.219     -3.638                               -105436.351     -2.930
                            (44636.296)    (8.414)                               (56863.529)    (8.405)
time_num: 121                -56805.223     -3.775                               -110375.806     -3.163
                            (46439.944)    (8.683)                               (59476.118)    (8.673)
time_num: 122                -60460.604     -3.983                               -114575.898     -3.107
                            (48554.553)    (8.960)                               (61816.208)    (8.927)
time_num: 123                -65126.885     -4.240                               -119844.726     -3.550
                            (49738.378)    (9.328)                               (63316.893)    (9.310)
time_num: 124                -62772.163     -3.998                               -116802.043     -3.125
                            (50783.081)    (9.596)                               (64890.367)    (9.574)
time_num: 125                -66166.288     -4.435                               -125978.996     -3.885
                            (52837.874)    (9.883)                               (68144.913)    (9.835)
time_num: 126                -68858.861     -4.626                               -129189.555     -3.859
                            (54275.894)   (10.207)                               (69192.000)   (10.098)
time_num: 127                -68541.334     -4.670                               -128966.324     -4.179
                            (56348.508)   (10.545)                               (69822.982)   (10.458)
time_num: 128                -68870.890     -4.760                               -131150.422     -4.271
                            (54827.506)   (10.853)                               (68294.422)   (10.748)
time_num: 129                -71670.831     -5.061                               -133637.031     -4.312
                            (55995.100)   (11.074)                               (70936.780)   (10.927)
time_num: 130                -72433.398     -5.117                               -138290.324     -4.161
                            (57161.924)   (11.275)                               (73260.583)   (11.162)
time_num: 131                -71643.233     -5.017                               -138114.526     -4.090
                            (59767.477)   (11.516)                               (75837.406)   (11.374)
time_num: 132                -75449.111     -5.425                               -144019.326     -4.747
                            (60787.045)   (11.964)                               (77853.825)   (11.824)
time_num: 133                -76554.158     -5.398                               -144409.015     -4.606
                            (64654.777)   (12.229)                               (82808.411)   (12.059)
time_num: 134                -82739.848     -5.600                               -156248.578     -4.907
                            (64778.756)   (12.461)                               (83506.348)   (12.257)
time_num: 135                -86021.737     -5.706                               -164251.066     -5.053
                            (67472.982)   (12.769)                               (86049.754)   (12.564)
time_num: 136                -89078.743     -5.888                               -166910.256     -5.149
                            (68707.661)   (13.050)                               (87274.490)   (12.845)
time_num: 137                -91494.339     -6.148                               -170236.970     -5.435
                            (70958.292)   (13.438)                               (89995.044)   (13.254)
time_num: 138                -92753.515     -6.064                               -170290.322     -5.128
                            (72718.610)   (13.728)                               (92386.990)   (13.531)
time_num: 139                -88432.378     -6.153                               -168223.499     -5.420
                            (72954.556)   (14.042)                               (91265.306)   (13.793)
time_num: 140                -92044.160     -6.430                               -174109.400     -5.783
                            (73334.202)   (14.278)                               (92597.398)   (14.072)
time_num: 141                -94021.652     -7.154                               -176811.124     -6.394
                            (73243.127)   (14.487)                               (93294.961)   (14.205)
time_num: 142                -94438.227     -6.925                               -177928.397     -5.869
                            (74395.650)   (14.762)                               (95737.970)   (14.510)
time_num: 143                -91440.310     -6.613                               -175373.289     -5.713
                            (75892.605)   (15.038)                               (97135.454)   (14.689)
time_num: 144                -95620.648     -6.761                               -181604.909     -5.912
                            (76875.659)   (15.364)                               (98193.478)   (15.052)
time_num: 145               -100325.852     -7.235                               -188437.542     -6.469
                            (79235.479)   (15.804)                              (100914.246)   (15.502)
time_num: 146               -109535.524     -7.614                               -201913.403     -6.626
                            (83149.099)   (16.037)                              (106888.684)   (15.695)
time_num: 147               -113663.833     -7.612                               -210645.698     -6.804
                            (86193.107)   (16.299)                              (110217.499)   (15.991)
time_num: 148               -111370.533     -7.588                               -207681.353     -6.526
                            (85647.001)   (16.536)                              (108794.966)   (16.190)
time_num: 149               -110842.175     -7.786                               -208396.184     -6.830
                            (87413.310)   (16.870)                              (110835.762)   (16.523)
time_num: 150               -113355.565     -8.080                               -209927.834     -6.948
                            (88780.855)   (17.181)                              (112438.370)   (16.828)
time_num: 151               -111562.073     -8.019                               -211064.285     -7.146
                            (90204.118)   (17.476)                              (114370.485)   (17.099)
time_num: 152               -113357.291     -8.184                               -213493.395     -7.229
                            (91360.774)   (17.758)                              (115401.334)   (17.316)
time_num: 153               -115446.793     -8.470                               -216582.513     -7.584
                            (89948.717)   (18.038)                              (113889.725)   (17.623)
time_num: 154               -119448.012     -8.718        523.527                -223567.100     -7.733
                            (91870.800)   (18.284)     (1058.764)               (117621.476)   (17.868)
time_num: 155               -118651.452     -8.448        859.990                -222969.613     -7.344
                            (93749.050)   (18.638)     (1167.870)               (119817.652)   (18.241)
time_num: 156               -124900.382     -8.153        892.485                -233922.865     -7.072
                            (97786.515)   (18.936)     (1321.240)               (125219.607)   (18.514)
time_num: 157               -126958.985     -8.806      -1681.658                -235991.195     -7.736
                           (100126.734)   (19.221)     (8125.336)               (127732.642)   (18.800)
time_num: 158               -131421.968     -9.131      -5977.657      -0.058    -244333.420     -8.223
                            (99917.458)   (19.498)     (8843.738)     (0.204)   (127043.803)   (19.010)
time_num: 159               -132465.459     -9.355      -5646.969      -0.130    -247202.353     -8.395
                           (101023.935)   (19.773)     (8377.134)     (0.248)   (128094.235)   (19.259)
time_num: 160               -135011.137     -9.528      -6230.302      -0.043    -251849.486     -8.563
                           (102455.331)   (20.012)     (8594.729)     (0.299)   (130086.925)   (19.498)
time_num: 161               -136310.356     -9.687      -5093.901      -0.105    -254602.958     -8.625
                           (105006.989)   (20.353)     (8689.002)     (0.214)   (133044.965)   (19.848)
time_num: 162               -136757.630    -10.017      -4903.738      -0.216    -252892.267     -8.670
                           (105723.382)   (20.649)     (8363.604)     (0.207)   (133290.454)   (20.131)
time_num: 163               -136918.073     -9.812      -2700.239       0.156    -255431.782     -8.732
                           (107939.133)   (20.997)     (7589.672)     (0.253)   (136283.634)   (20.457)
time_num: 164               -136972.298     -9.803       -128.150       0.048    -256558.317     -8.731
                           (107862.433)   (21.323)     (3598.076)     (0.295)   (136316.463)   (20.773)
time_num: 165               -146803.676    -10.130      -1393.923      -0.183    -271509.024     -9.052
                           (111978.393)   (21.640)     (3175.981)     (0.204)   (143858.295)   (21.140)
time_num: 166               -145491.013    -10.222      -2317.811      -0.221    -269414.619     -8.948
                           (110808.139)   (21.802)     (3491.845)     (0.258)   (141702.834)   (21.267)
time_num: 167               -143914.815    -10.199       2587.165       0.461    -266261.736     -8.856
                           (112297.213)   (22.128)     (4353.424)     (0.352)   (142645.883)   (21.555)
time_num: 168               -147837.820    -10.571       -264.719       0.084    -273491.735     -9.623
                           (112752.322)   (22.418)     (3876.467)     (0.347)   (143533.577)   (21.871)
time_num: 169               -150939.680    -10.684         45.878       0.151    -278003.550     -9.481
                           (117285.537)   (22.732)     (8417.263)     (0.244)   (148923.659)   (22.138)
time_num: 170               -156018.177    -11.009      -3917.135      -0.080    -288272.803     -9.911
                           (117756.515)   (22.982)     (8283.013)     (0.183)   (149428.807)   (22.356)
time_num: 171               -156117.053    -11.173      -3578.235      -0.127    -288662.386     -9.990
                           (118615.982)   (23.244)     (8609.538)     (0.249)   (149761.867)   (22.617)
time_num: 172               -160586.730    -11.432      -4970.268      -0.188    -296505.020    -10.289
                           (120477.638)   (23.496)     (9061.333)     (0.303)   (152754.459)   (22.833)
time_num: 173               -162995.012    -11.447      -3395.454      -0.076    -302447.612    -10.269
                           (124332.207)   (23.896)     (9352.027)     (0.243)   (157248.847)   (23.265)
time_num: 174               -169253.555    -11.675      -3349.005      -0.076    -311532.044    -10.257
                           (128477.218)   (24.159)     (8442.299)     (0.216)   (164079.957)   (23.497)
time_num: 175               -166892.472    -11.491       1168.215       0.215    -307240.886    -10.266
                           (129347.565)   (24.532)     (7198.349)     (0.289)   (164277.186)   (23.862)
time_num: 176               -169721.413    -11.692       1070.493      -0.038    -312324.858    -10.473
                           (129136.540)   (24.844)     (4013.166)     (0.336)   (164062.148)   (24.141)
time_num: 177               -173278.688    -11.956       -445.583      -0.271    -318380.417    -10.802
                           (130110.342)   (25.081)     (3795.887)     (0.264)   (166318.872)   (24.409)
time_num: 178               -175595.490    -11.911         75.631       0.049    -320882.618    -10.507
                           (131027.161)   (25.337)     (4559.358)     (0.254)   (167709.992)   (24.671)
time_num: 179               -171082.076    -12.094       3260.999       0.304    -313200.249    -10.556
                           (129897.251)   (25.611)     (5175.520)     (0.345)   (164823.278)   (24.875)
time_num: 180               -173590.252    -12.626       2577.514       0.384    -318595.497    -11.123
                           (131181.827)   (25.937)     (4996.984)     (0.422)   (166464.487)   (25.188)
time_num: 181               -176189.622    -12.395       1572.394       0.145    -322716.018    -11.177
                           (135732.427)   (26.230)     (8063.684)     (0.232)   (171613.356)   (25.513)
time_num: 182               -182616.111    -12.824      -2723.401      -0.135    -334519.635    -11.549
                           (136388.515)   (26.471)     (8111.991)     (0.205)   (173022.052)   (25.704)
time_num: 183               -185773.544    -13.035      -4473.231      -0.200    -339753.074    -11.729
                           (136733.191)   (26.740)     (8306.832)     (0.253)   (172788.948)   (25.977)
time_num: 184               -186968.735    -13.269      -3053.967      -0.275    -342498.533    -11.819
                           (138695.255)   (27.011)     (8675.117)     (0.317)   (175384.302)   (26.213)
time_num: 185               -189856.295    -13.240      -1553.843      -0.127    -349281.917    -11.869
                           (142555.259)   (27.384)     (8740.807)     (0.193)   (180257.092)   (26.601)
time_num: 186               -191441.380    -13.344       -284.597      -0.098    -350312.655    -11.803
                           (144033.855)   (27.696)     (7910.896)     (0.241)   (182056.105)   (26.879)
time_num: 187               -193947.143    -13.340       3091.188       0.105    -355267.152    -12.012
                           (147249.085)   (28.027)     (6938.088)     (0.280)   (186514.817)   (27.201)
time_num: 188               -194738.240    -13.400       3909.457       0.160    -356298.686    -11.897
                           (148771.339)   (28.275)     (6974.750)     (0.337)   (188539.198)   (27.412)
time_num: 189               -200327.911    -13.667       -225.227      -0.041    -364994.328    -12.256
                           (149893.606)   (28.559)     (6916.686)     (0.237)   (190949.858)   (27.745)
time_num: 190               -203281.180    -13.898      -1280.408      -0.168    -370295.104    -12.431
                           (150909.941)   (28.811)     (6952.770)     (0.245)   (192426.649)   (27.969)
time_num: 191               -203301.164    -13.720       2022.615       0.264    -370126.477    -12.115
                           (152537.277)   (29.117)     (6994.755)     (0.310)   (194200.625)   (28.237)
time_num: 192               -199756.872    -13.873       2866.271       0.331    -365253.757    -12.159
                           (151114.396)   (29.385)     (6995.371)     (0.339)   (191396.247)   (28.527)
time_num: 193               -203842.560    -14.281       1473.669       0.009    -371760.733    -12.818
                           (154105.582)   (29.715)     (7655.643)     (0.228)   (195086.435)   (28.856)
time_num: 194               -208912.206    -14.613      -1962.856      -0.184    -380621.871    -13.253
                           (154861.346)   (29.987)     (8094.667)     (0.247)   (195716.395)   (29.070)
time_num: 195               -211482.428    -14.778      -3221.031      -0.216    -384764.700    -13.272
                           (155272.009)   (30.237)     (8336.700)     (0.224)   (195782.399)   (29.328)
time_num: 196               -213918.862    -15.010      -2672.511      -0.301    -389977.626    -13.557
                           (157115.580)   (30.524)     (8598.257)     (0.268)   (198314.314)   (29.594)
time_num: 197               -217753.026    -15.121      -2612.624      -0.311    -397011.474    -13.563
                           (160794.661)   (30.893)     (8664.658)     (0.203)   (203363.121)   (29.963)
time_num: 198               -218454.790    -15.147      -1000.151      -0.206    -398079.831    -13.413
                           (161956.560)   (31.165)     (8051.984)     (0.254)   (204538.254)   (30.198)
time_num: 199               -221732.549    -15.017      -1547.335       0.098    -402919.568    -13.475
                           (165008.867)   (31.481)     (9998.124)     (0.289)   (209326.317)   (30.498)
time_num: 200               -223660.729    -15.374      -1496.906      -0.097    -405294.474    -13.810
                           (166671.168)   (31.708)    (10069.618)     (0.346)   (211475.447)   (30.711)
time_num: 201               -227886.767    -15.672      -3551.882      -0.251    -411948.406    -14.022
                           (168255.237)   (32.021)    (10083.349)     (0.253)   (214028.292)   (31.029)
time_num: 202               -230499.706    -15.747      -3454.865      -0.187    -416202.353    -14.046
                           (169510.589)   (32.295)     (9753.611)     (0.275)   (215958.966)   (31.282)
time_num: 203               -225567.727    -15.560       3906.324       0.126    -408348.121    -13.728
                           (168199.533)   (32.650)     (5838.461)     (0.315)   (212795.130)   (31.642)
time_num: 204               -229374.603    -15.854       2317.008       0.006    -414865.770    -13.968
                           (169639.783)   (32.885)     (5950.610)     (0.332)   (215062.022)   (31.829)
time_num: 205               -230430.611    -16.072       3634.341      -0.081    -418196.022    -14.447
                           (172357.089)   (33.226)     (6869.351)     (0.241)   (217799.280)   (32.221)
time_num: 206               -236301.950    -16.364         71.713      -0.217    -428579.712    -14.783
                           (173276.695)   (33.475)     (6759.205)     (0.231)   (218963.574)   (32.428)
time_num: 207               -239116.026    -16.551       -431.872      -0.254    -433988.168    -14.884
                           (173704.872)   (33.729)     (7360.425)     (0.231)   (219357.449)   (32.651)
time_num: 208               -241048.364    -16.909        -59.424      -0.481    -438100.511    -15.204
                           (176244.432)   (34.036)     (7792.328)     (0.282)   (222215.953)   (32.936)
time_num: 209               -244743.864    -16.902      -1709.942      -0.320    -443506.949    -15.116
                           (179141.116)   (34.385)     (8094.384)     (0.197)   (226614.171)   (33.292)
time_num: 210               -248466.885    -17.121      -3109.801      -0.393    -448594.868    -15.109
                           (182909.249)   (34.653)    (10921.357)     (0.322)   (231644.182)   (33.549)
time_num: 211               -248126.265    -16.750       -315.989       0.112    -448084.051    -15.182
                           (183710.224)   (35.018)    (10033.410)     (0.280)   (232993.506)   (33.885)
time_num: 212               -251202.415    -17.264      -1123.898      -0.237    -451379.993    -15.505
                           (185480.224)   (35.193)    (10237.130)     (0.363)   (235504.096)   (34.030)
time_num: 213               -256416.549    -17.730      -3927.719      -0.550    -459521.984    -15.867
                           (186342.439)   (35.602)     (9654.554)     (0.297)   (237326.840)   (34.479)
time_num: 214               -259583.280    -17.839      -4644.468      -0.529    -464888.943    -15.664
                           (187267.052)   (35.797)     (9752.033)     (0.358)   (238785.432)   (34.663)
time_num: 215               -256195.218    -17.639       1132.154      -0.182    -459639.959    -15.438
                           (185720.734)   (36.111)     (5411.184)     (0.328)   (235550.914)   (34.942)
time_num: 216               -257728.997    -17.641       1953.956      -0.028    -462788.421    -15.662
                           (188113.608)   (36.393)     (5644.997)     (0.272)   (238300.365)   (35.178)
time_num: 217               -259300.989    -17.831       2340.234      -0.102    -467053.619    -16.050
                           (190768.173)   (36.702)     (7166.192)     (0.277)   (241155.517)   (35.525)
time_num: 218               -265383.753    -18.232      -1425.198      -0.348    -477453.613    -16.544
                           (191765.178)   (36.991)     (7310.987)     (0.268)   (242756.890)   (35.807)
time_num: 219               -265766.123    -18.338        553.915      -0.308    -478658.123    -16.538
                           (192008.844)   (37.265)     (6072.316)     (0.235)   (242324.588)   (36.069)
time_num: 220               -269051.595    -18.647       -403.892      -0.468    -485551.729    -16.774
                           (194751.493)   (37.553)     (7903.689)     (0.292)   (246164.000)   (36.349)
time_num: 221               -273598.590    -18.663      -2822.565      -0.352    -492342.160    -16.751
                           (197698.778)   (37.896)     (8420.598)     (0.207)   (250368.858)   (36.675)
time_num: 222               -278129.028    -18.923      -5014.797      -0.463    -498380.893    -16.825
                           (201364.823)   (38.182)    (11073.113)     (0.279)   (255636.658)   (36.952)
time_num: 223               -277413.551    -18.533      -1991.814       0.061    -496693.838    -16.914
                           (202070.473)   (38.525)    (10310.385)     (0.308)   (256656.462)   (37.253)
time_num: 224               -276957.273    -18.882        801.258      -0.125    -495824.040    -17.161
                           (201818.751)   (38.727)     (7633.328)     (0.333)   (256480.526)   (37.416)
time_num: 225               -283441.517    -19.184      -3330.055      -0.277    -505800.870    -17.277
                           (204260.960)   (39.018)     (9326.601)     (0.210)   (260480.671)   (37.731)
time_num: 226               -285481.796    -19.332      -3102.239      -0.299    -508675.149    -17.136
                           (205390.972)   (39.317)     (9355.879)     (0.249)   (261953.110)   (38.034)
time_num: 227               -281267.347    -19.218       3345.470      -0.052    -502243.438    -16.981
                           (204455.490)   (39.607)     (5666.103)     (0.285)   (259452.339)   (38.315)
time_num: 228               -285056.413    -19.548       1874.392      -0.239    -508801.750    -17.463
                           (205722.202)   (39.910)     (5704.224)     (0.293)   (261289.725)   (38.623)
time_num: 229               -287117.684    -19.557       2112.464      -0.116    -514226.812    -17.458
                           (209316.416)   (40.253)     (7482.572)     (0.280)   (265392.501)   (38.960)
time_num: 230               -291864.645    -19.992       -471.287      -0.372    -523166.970    -18.002
                           (209009.648)   (40.491)     (6684.846)     (0.255)   (265498.269)   (39.161)
time_num: 231               -293724.342    -20.200         71.666      -0.436    -525823.267    -18.094
                           (210166.532)   (40.749)     (6138.349)     (0.219)   (265639.882)   (39.368)
time_num: 232               -298177.736    -20.481      -2117.813     -0.571*    -533517.504    -18.395
                           (212932.765)   (41.057)     (7929.864)     (0.232)   (269863.141)   (39.683)
time_num: 233               -300906.622    -20.597      -2507.574     -0.552*    -537989.501    -18.416
                           (215997.592)   (41.397)     (8474.481)     (0.207)   (273677.658)   (40.000)
time_num: 234               -302539.103    -20.793      -1840.256     -0.603*    -539008.745    -18.378
                           (217024.807)   (41.683)     (7674.572)     (0.282)   (275590.531)   (40.325)
time_num: 235               -299471.632    -20.579       3541.605      -0.254    -534614.288    -18.323
                           (217643.380)   (42.003)     (6230.226)     (0.281)   (276265.665)   (40.653)
time_num: 236               -303487.027    -20.783       1787.464      -0.318    -539765.850    -18.511
                           (219163.752)   (42.286)     (6515.415)     (0.300)   (278820.471)   (40.866)
time_num: 237               -307653.574    -21.028        -50.650     -0.402*    -547308.670    -18.817
                           (220822.480)   (42.560)     (6685.952)     (0.197)   (281669.389)   (41.143)
time_num: 238               -309563.992    -21.098        173.999      -0.329    -550673.256    -18.682
                           (221797.295)   (42.827)     (6632.346)     (0.222)   (282844.162)   (41.417)
time_num: 239               -307377.099    -21.104       4658.381      -0.203    -546567.473    -18.605
                           (223150.306)   (43.160)     (5912.945)     (0.274)   (283643.084)   (41.717)
time_num: 240               -311405.798    -21.449       2909.338      -0.400    -554652.172    -19.265
                           (224104.443)   (43.424)     (5179.436)     (0.257)   (285279.172)   (41.972)
time_num: 241               -312116.412    -21.414       4487.673      -0.221    -556600.175    -19.092
                           (226476.353)   (43.745)     (6248.932)     (0.263)   (287545.689)   (42.316)
time_num: 242               -318822.531    -21.768         94.093      -0.415    -568511.899    -19.512
                           (227165.802)   (43.999)     (6504.109)     (0.244)   (288849.206)   (42.515)
time_num: 243               -319704.108    -21.898       1544.445      -0.399    -569367.029    -19.562
                           (227622.666)   (44.252)     (5433.409)     (0.220)   (288436.453)   (42.765)
time_num: 244               -322850.452    -22.242        627.863     -0.602*    -575515.219    -19.829
                           (229993.825)   (44.532)     (6258.080)     (0.237)   (291700.383)   (43.018)
time_num: 245               -327854.428    -22.478      -1947.540    -0.687**    -583610.906    -20.131
                           (233633.032)   (44.829)     (7825.086)     (0.230)   (296834.498)   (43.261)
time_num: 246               -328398.459    -22.559       -194.435    -0.637**    -583915.507    -20.114
                           (234554.838)   (45.154)     (6617.523)     (0.217)   (298149.931)   (43.610)
time_num: 247               -326552.993    -22.524       3607.152      -0.434    -580013.760    -20.177
                           (233562.466)   (45.456)     (3668.187)     (0.254)   (296832.347)   (43.899)
time_num: 248               -327202.705    -22.597       5211.306      -0.363    -580720.560    -20.283
                           (235464.400)   (45.784)     (4323.011)     (0.275)   (300087.550)   (44.210)
time_num: 249               -332483.024    -22.719       2385.874      -0.382    -590190.047    -20.401
                           (238014.730)   (46.089)     (5714.518)     (0.214)   (303847.391)   (44.543)
time_num: 250               -334851.144    -22.914       2372.480     -0.410*    -594669.478    -20.369
                           (239502.539)   (46.344)     (5414.158)     (0.174)   (305479.599)   (44.773)
time_num: 251               -333054.279    -22.858       6307.641      -0.227    -591009.286    -20.311
                           (240473.296)   (46.691)     (4669.553)     (0.252)   (305926.119)   (45.144)
time_num: 252               -336155.465    -22.928       5552.618      -0.145    -596942.781    -20.230
                           (241589.951)   (46.917)     (4390.449)     (0.233)   (307449.108)   (45.299)
time_num: 253               -338029.297    -23.192       6074.800      -0.259    -601917.478    -20.714
                           (244287.256)   (47.226)     (5342.458)     (0.219)   (310856.495)   (45.634)
time_num: 254               -343546.593    -23.500       2892.222      -0.436    -611703.405    -20.976
                           (244788.835)   (47.489)     (5469.150)     (0.217)   (311562.255)   (45.852)
time_num: 255               -343117.111    -23.627       5245.183     -0.411*    -611023.516    -21.020
                           (245475.342)   (47.743)     (4494.004)     (0.192)   (311093.965)   (46.106)
time_num: 256               -347782.603    -23.829       3073.417     -0.489*    -619318.223    -21.255
                           (248436.303)   (48.055)     (6034.691)     (0.223)   (315238.444)   (46.386)
time_num: 257               -351852.294    -24.081       1430.063    -0.600**    -625571.249    -21.417
                           (251484.767)   (48.377)     (6639.277)     (0.184)   (319574.781)   (46.693)
time_num: 258               -353861.830    -24.263       1689.901   -0.621***    -628541.726    -21.690
                           (252233.150)   (48.628)     (5541.270)     (0.166)   (320934.125)   (46.938)
time_num: 259               -351431.611    -23.965       6061.311      -0.180    -625469.817    -21.632
                           (253186.574)   (48.974)     (4371.951)     (0.199)   (321910.682)   (47.272)
time_num: 260               -353838.374    -24.249       6025.246      -0.310    -627706.871    -21.575
                           (254573.841)   (49.246)     (4625.595)     (0.212)   (324421.197)   (47.544)
time_num: 261               -357415.172    -24.285       4702.947      -0.225    -634282.240    -21.714
                           (255593.428)   (49.556)     (4484.527)     (0.164)   (326028.408)   (47.835)
time_num: 262               -360888.418    -24.782       3718.184    -0.567**    -640026.037    -22.170
                           (257137.300)   (49.875)     (4034.005)     (0.202)   (328002.619)   (48.135)
time_num: 263               -358202.626    -24.684     8831.298**      -0.317    -635162.976    -21.877
                           (257664.537)   (50.166)     (2916.226)     (0.209)   (327706.619)   (48.449)
time_num: 264               -361372.600    -24.758     7849.958**      -0.249    -640996.044    -22.062
                           (258331.330)   (50.416)     (2603.530)     (0.210)   (328648.776)   (48.674)
time_num: 265               -362630.335    -25.007       8545.405      -0.414    -644106.738    -22.136
                           (261449.778)   (50.731)     (4511.939)     (0.290)   (332326.943)   (48.995)
time_num: 266               -369161.102    -25.275       4409.320     -0.543*    -655347.488    -22.634
                           (261969.085)   (50.980)     (4681.490)     (0.223)   (333384.428)   (49.229)
time_num: 267               -368318.020    -25.406      7707.692*    -0.497**    -655418.741    -22.597
                           (263042.910)   (51.266)     (3646.517)     (0.168)   (333941.390)   (49.507)
time_num: 268               -372287.762    -25.656       6458.941    -0.559**    -663098.497    -22.886
                           (265220.868)   (51.552)     (4032.601)     (0.200)   (337006.394)   (49.745)
time_num: 269               -376198.973    -25.804       5108.889    -0.562**    -668777.679    -23.066
                           (268402.416)   (51.858)     (4115.497)     (0.188)   (341199.919)   (50.007)
time_num: 270               -380901.405    -25.920       2132.973    -0.539**    -675363.468    -23.149
                           (271505.545)   (52.118)     (6724.978)     (0.154)   (346366.068)   (50.271)
time_num: 271               -375899.822    -25.669     9078.464**      -0.159    -667814.957    -23.121
                           (270503.267)   (52.440)     (2936.531)     (0.194)   (343926.322)   (50.555)
time_num: 272               -379005.726    -26.058      7976.892*     -0.388*    -670662.882    -23.227
                           (271852.901)   (52.731)     (3319.153)     (0.173)   (346503.755)   (50.882)
time_num: 273               -381406.999    -26.191      7280.107*     -0.379*    -675048.241    -23.287
                           (271765.248)   (53.047)     (3069.285)     (0.149)   (346739.914)   (51.198)
time_num: 274               -383686.956    -26.463     8033.796**     -0.511*    -678849.056    -23.447
                           (272961.068)   (53.347)     (2462.698)     (0.204)   (348733.301)   (51.518)
time_num: 275               -381604.618    -26.233   12751.209***      -0.134    -674980.133    -23.013
                           (273890.681)   (53.640)     (3256.427)     (0.227)   (348835.847)   (51.802)
time_num: 276               -386211.620    -26.551   11017.824***      -0.308    -684396.902    -23.580
                           (276361.719)   (53.912)     (2314.471)     (0.203)   (352391.889)   (52.056)
time_num: 277               -387243.495    -26.713   12744.053***      -0.375    -687004.876    -23.658
                           (278953.527)   (54.231)     (3359.271)     (0.241)   (355046.154)   (52.336)
time_num: 278               -391989.692    -27.015     9941.123**    -0.537**    -695426.856    -24.003
                           (279052.685)   (54.481)     (3174.701)     (0.165)   (355434.642)   (52.565)
time_num: 279               -392718.982    -27.041    10720.981**      -0.412    -698055.704    -24.096
                           (280079.635)   (54.737)     (3570.184)     (0.208)   (355586.699)   (52.781)
time_num: 280               -396710.603    -27.320     9436.458**     -0.501*    -705526.986    -24.390
                           (282387.081)   (55.024)     (3505.095)     (0.229)   (358823.928)   (53.081)
time_num: 281               -400721.520    -27.556      7854.809*   -0.582***    -711617.502    -24.675
                           (285824.575)   (55.333)     (3629.670)     (0.156)   (363257.913)   (53.334)
time_num: 282               -402918.699    -27.804      7039.487*    -0.725**    -713574.716    -24.644
                           (287114.089)   (55.644)     (3242.518)     (0.214)   (365005.572)   (53.688)
time_num: 283               -402514.838    -27.385     9390.344**      -0.163    -713844.815    -24.663
                           (288400.666)   (56.029)     (2809.690)     (0.200)   (366886.093)   (54.065)
time_num: 284               -403726.942    -27.943   11048.007***    -0.503**    -715445.427    -24.989
                           (289662.477)   (56.281)     (2266.669)     (0.172)   (369098.121)   (54.307)
time_num: 285               -408218.379    -27.997      7154.049*    -0.558**    -723271.927    -24.963
                           (291025.334)   (56.625)     (3439.674)     (0.182)   (371313.051)   (54.638)
time_num: 286               -410580.649    -28.296       6181.559    -0.710**    -727402.007    -25.262
                           (292355.577)   (56.846)     (3398.145)     (0.228)   (373186.158)   (54.806)
time_num: 287               -410287.723    -28.209     10370.988*      -0.346    -725088.671    -24.931
                           (293465.834)   (57.126)     (4388.025)     (0.258)   (373743.126)   (55.134)
time_num: 288               -412383.907    -28.367    11166.063**      -0.416    -730011.749    -25.210
                           (294179.275)   (57.431)     (3223.416)     (0.207)   (374578.146)   (55.409)
time_num: 289               -413820.371    -28.390    12153.892**      -0.213    -732750.851    -25.228
                           (296684.019)   (57.741)     (4454.846)     (0.350)   (377476.541)   (55.712)
time_num: 290               -418390.806    -28.708     9719.571**      -0.408    -740426.946    -25.493
                           (297626.384)   (57.994)     (2981.162)     (0.258)   (378595.807)   (55.932)
time_num: 291               -418333.750    -28.860     16946.102*      -0.323    -742028.258    -25.594
                           (297705.463)   (58.237)     (7273.100)     (0.249)   (377918.188)   (56.166)
time_num: 292               -422490.608    -29.078   14356.575***     -0.607*    -749219.499    -25.889
                           (300302.701)   (58.539)     (4058.511)     (0.268)   (381313.147)   (56.429)
time_num: 293               -430716.391    -29.406      -3366.286    -0.793**    -762350.579    -26.209
                           (305503.471)   (58.848)    (12255.261)     (0.252)   (389199.931)   (56.684)
time_num: 294               -432464.898    -29.718      -4577.778     -1.713*    -765098.767    -26.380
                           (306552.061)   (59.100)    (13857.060)     (0.734)   (390813.012)   (56.944)
time_num: 295               -428958.239    -29.323       7070.008     -0.747*    -760312.020    -26.329
                           (305858.264)   (59.473)     (4008.706)     (0.351)   (389491.611)   (57.339)
time_num: 296               -429505.520    -29.757     12094.233*      -0.430    -760369.654    -26.535
                           (307359.514)   (59.775)     (5994.248)     (0.271)   (391555.396)   (57.621)
time_num: 297               -433115.608    -29.768       6646.011      -0.470    -765581.247    -26.440
                           (308514.442)   (60.075)     (4789.533)     (0.391)   (393369.566)   (57.949)
time_num: 298               -435354.494    -29.856       8612.557      -0.174    -770070.784    -26.413
                           (309714.950)   (60.345)     (4461.647)     (0.236)   (395061.146)   (58.207)
time_num: 299               -434406.694    -29.944     13335.272*      -0.555    -767051.996    -26.401
                           (310383.482)   (60.635)     (5453.810)     (0.303)   (394763.614)   (58.495)
time_num: 300               -437245.454    -29.984    15520.306**      -0.356    -772892.616    -26.558
                           (311704.730)   (60.918)     (5722.154)     (0.269)   (396882.430)   (58.770)
time_num: 301               -438956.494    -30.054    14320.567**      -0.266    -776574.078    -26.619
                           (313687.318)   (61.222)     (4275.427)     (0.444)   (399258.100)   (59.031)
time_num: 302               -442053.651    -30.462     24827.150*      -0.180    -783049.146    -27.188
                           (314060.210)   (61.504)    (10180.425)     (0.366)   (399962.081)   (59.284)
time_num: 303               -443063.728    -30.608     27139.824*      -0.407    -785860.834    -27.178
                           (315528.735)   (61.748)    (11668.041)     (0.246)   (401031.023)   (59.513)
time_num: 304               -446931.740    -30.817     19679.382*     -0.757*    -793081.327    -27.571
                           (318077.804)   (62.049)     (8135.366)     (0.315)   (404168.889)   (59.791)
time_num: 305               -450954.914    -30.997      8680.427*     -0.709*    -799031.473    -27.606
                           (320585.126)   (62.323)     (3440.628)     (0.314)   (407839.374)   (60.045)
time_num: 306               -453763.009    -31.252       7989.359      -0.631    -802487.741    -27.759
                           (321964.360)   (62.618)     (5179.559)     (0.319)   (410196.061)   (60.330)
time_num: 307               -454152.977    -31.058       9325.293      -0.420    -803372.747    -27.884
                           (323427.430)   (62.973)     (7021.964)     (0.328)   (411768.128)   (60.692)
time_num: 308               -456715.344    -31.375       8631.272      -0.341    -805893.708    -27.846
                           (324995.043)   (63.275)     (5249.168)     (0.220)   (413999.143)   (61.000)
time_num: 309               -458700.977    -31.516     10514.403*      -0.052    -809801.154    -28.023
                           (325761.326)   (63.581)     (4644.914)     (0.233)   (414990.128)   (61.323)
time_num: 310               -460882.176    -31.566     11539.676*      -0.176    -814081.677    -27.978
                           (327207.002)   (63.844)     (4906.696)     (0.263)   (417429.032)   (61.553)
time_num: 311               -460012.749    -31.722      16995.517    -0.723**    -812355.938    -28.068
                           (328317.773)   (64.131)     (9100.372)     (0.216)   (418139.861)   (61.842)
time_num: 312               -463797.248    -31.943      19338.707   -0.835***    -820053.305    -28.510
                           (329247.297)   (64.407)    (10161.863)     (0.207)   (419622.468)   (62.108)
time_num: 313               -466018.183    -32.001    25342.986**   -1.059***    -823877.678    -28.472
                           (331186.536)   (64.718)     (8254.208)     (0.216)   (421421.620)   (62.381)
time_num: 314               -469406.559    -32.239    42098.865**      -0.394    -829217.953    -28.775
                           (331785.356)   (65.004)    (14631.447)     (0.430)   (422347.559)   (62.654)
time_num: 315               -469891.305    -32.286     56044.821*      -0.383    -831317.162    -28.791
                           (333185.951)   (65.264)    (26820.842)     (0.206)   (423149.404)   (62.889)
time_num: 316               -474214.293    -32.720     22019.548*   -0.951***    -838118.349    -29.245
                           (335154.812)   (65.545)     (8803.569)     (0.223)   (426335.780)   (63.189)
time_num: 317               -477862.463    -32.788       2723.037      -0.762    -844335.356    -29.191
                           (338450.509)   (65.839)     (3194.796)     (0.450)   (430238.357)   (63.417)
time_num: 318               -480726.723    -33.180       1928.456      -0.754    -848284.914    -29.354
                           (340090.422)   (66.070)     (2257.074)     (0.571)   (432464.031)   (63.627)
time_num: 319               -487289.441    -33.136     -34628.840   -1.214***    -858808.369    -29.670
                           (345603.115)   (66.461)    (31375.052)     (0.218)   (440074.851)   (64.027)
time_num: 320               -489354.362    -33.203     -31311.166   -1.002***    -860911.780    -29.479
                           (347356.846)   (66.734)    (32071.223)     (0.232)   (443332.213)   (64.292)
time_num: 321               -495136.544    -33.311     -25047.773       0.283    -872728.386    -29.636
                           (348149.800)   (67.044)    (33522.383)     (0.236)   (444288.392)   (64.661)
time_num: 322               -490043.286    -33.350   21333.028***       0.222    -863598.658    -29.525
                           (345411.741)   (67.349)     (3601.160)     (0.302)   (439731.089)   (64.912)
time_num: 323               -484864.630    -33.370   46346.752***      -0.213    -855206.713    -29.514
                           (345834.160)   (67.727)     (3180.013)     (0.221)   (441238.139)   (65.294)
time_num: 324               -487988.165    -33.681   55742.380***   -0.871***    -862327.486    -29.931
                           (344741.139)   (67.938)     (3707.621)     (0.214)   (438896.129)   (65.482)
time_num: 325               -491899.470    -33.708   39437.155***   -1.059***    -866801.087    -29.952
                           (347552.951)   (68.174)     (4263.367)     (0.262)   (441895.355)   (65.678)
time_num: 326               -490551.356    -33.732   59985.455***     -0.750*    -865225.286    -29.891
                           (347443.830)   (68.444)     (4256.529)     (0.280)   (441745.371)   (65.939)
time_num: 327               -486266.555    -33.802   89291.056***     -0.484*    -862443.624    -30.014
                           (346922.284)   (68.745)     (3457.699)     (0.230)   (441548.808)   (66.236)
time_num: 328               -496681.564    -34.499   40389.660***   -0.910***    -879735.011    -30.913
                           (352652.182)   (69.076)     (3080.307)     (0.237)   (447798.386)   (66.590)
time_num: 329               -507225.234    -34.655       3146.504      -0.189    -895139.862    -30.884
                           (357158.048)   (69.371)     (2287.205)     (0.246)   (453113.358)   (66.823)
time_num: 330               -509528.592    -34.667          0.000       0.000    -899891.449    -30.879
                           (359322.939)   (69.656)          (NaN)       (NaN)   (456084.178)   (67.078)
time_num: 331               -512080.046    -34.960                               -903900.765    -31.304
                           (360646.587)   (69.994)                              (459136.374)   (67.448)
time_num: 332               -514433.856    -35.061                               -907565.224    -31.310
                           (362336.183)   (70.255)                              (460996.494)   (67.696)
time_num: 333               -513374.697    -34.561                               -905260.030    -30.737
                           (363764.890)   (70.540)                              (463182.508)   (67.977)
time_num: 334               -511155.816    -34.851                               -901524.542    -30.682
                           (363435.540)   (70.835)                              (463303.436)   (68.240)
time_num: 335               -510965.774    -35.196                               -899240.339    -31.042
                           (361298.684)   (71.171)                              (460819.093)   (68.602)
time_num: 336               -509036.143    -35.224                               -899749.566    -31.106
                           (361172.862)   (71.438)                              (460321.978)   (68.811)
time_num: 337               -511461.828    -35.347                               -905408.797    -31.437
                           (363755.757)   (71.643)                              (462708.974)   (69.065)
time_num: 338               -509370.328    -35.441                               -904634.794    -31.532
                           (363145.666)   (71.934)                              (462735.295)   (69.323)
time_num: 339               -505752.516    -35.683                               -901376.158    -31.689
                           (362432.211)   (72.250)                              (462988.010)   (69.590)
time_num: 340               -521249.021    -36.533                               -925110.445    -32.592
                           (369470.444)   (72.565)                              (470398.289)   (69.913)
time_num: 341               -535145.053    -36.563                               -941585.574    -32.496
                           (375019.818)   (72.871)                              (476336.862)   (70.188)
time_num: 342               -534920.242    -36.460                               -942818.351    -32.471
                           (376061.489)   (73.162)                              (477773.837)   (70.457)
time_num: 343               -538140.280    -36.497                               -944966.386    -32.469
                           (377317.295)   (73.460)                              (480697.007)   (70.740)
time_num: 344               -540980.139    -36.461                               -949463.944    -32.208
                           (379729.948)   (73.740)                              (483897.948)   (70.996)
time_num: 345               -540449.228    -36.054                               -947507.124    -31.962
                           (383477.418)   (74.012)                              (486028.127)   (71.322)
time_num: 346               -533992.864    -36.063                               -943332.646    -32.068
                           (383407.160)   (74.305)                              (486731.934)   (71.628)
time_num: 347               -517860.093    -36.202                               -928906.143    -32.118
                           (380530.143)   (74.603)                              (483963.348)   (71.884)
time_num: 348               -520544.884    -36.792                               -935468.200    -32.909
                           (381043.640)   (74.888)                              (485979.228)   (72.151)
time_num: 349               -528328.132    -37.187                               -943434.505    -33.159
                           (383557.876)   (75.150)                              (488842.747)   (72.418)
time_num: 350               -519447.105    -37.167                               -937817.483    -33.088
                           (383164.911)   (75.434)                              (488609.093)   (72.683)
time_num: 351               -524678.743    -37.476                               -943961.473    -33.251
                           (384932.513)   (75.731)                              (490531.726)   (72.930)
time_num: 352               -544406.570    -37.991                               -966433.654    -33.781
                           (387965.273)   (76.037)                              (494104.512)   (73.225)
time_num: 353               -571984.997    -38.134                               -993737.758    -33.966
                           (394353.679)   (76.342)                              (500861.767)   (73.524)
time_num: 354               -573950.736    -37.460                               -996165.464    -33.329
                           (393669.556)   (76.667)                              (500292.969)   (73.887)
time_num: 355               -577414.140    -37.575                              -1000671.179    -33.436
                           (394469.071)   (76.954)                              (501164.287)   (74.161)
time_num: 356               -594952.643    -37.948                              -1020117.966    -33.957
                           (395739.331)   (77.224)                              (503346.063)   (74.382)
time_num: 357               -591168.430    -38.306                              -1017262.213    -34.262
                           (397235.531)   (77.509)                              (505094.504)   (74.697)
time_num: 358               -580470.495    -38.386                              -1010819.702    -34.222
                           (398329.299)   (77.773)                              (506981.611)   (74.938)
time_num: 359               -542722.468    -38.435                               -973949.860    -34.052
                           (400110.808)   (78.093)                              (508821.629)   (75.199)
time_num: 360               -529735.825    -38.986                               -965636.569    -34.869
                           (400478.069)   (78.397)                              (510056.146)   (75.504)
time_num: 361               -536643.237    -39.270                               -971958.805    -35.045
                           (402011.902)   (78.657)                              (512004.329)   (75.747)
-------------------------------------------------------------------------------------------------------
State_FIPS Fixed Effects            Yes        Yes            Yes         Yes            Yes        Yes
time_m Fixed Effects                Yes        Yes            Yes         Yes            Yes        Yes
-------------------------------------------------------------------------------------------------------
N                                10,329      6,386          6,072       3,707          5,168      3,189
R2                                0.707      0.760          0.724       0.800          0.773      0.831
Within-R2                         0.034      0.040          0.045       0.049          0.069      0.076
-------------------------------------------------------------------------------------------------------

